	Iozone: Performance Test of File I/O
	        Version $Revision: 3.507 $
		Compiled for 64 bit mode.
		Build: linux-AMD64 

	Contributors:William Norcott, Don Capps, Isom Crawford, Kirby Collins
	             Al Slater, Scott Rhine, Mike Wisner, Ken Goss
	             Steve Landherr, Brad Smith, Mark Kelly, Dr. Alain CYR,
	             Randy Dunlap, Mark Montague, Dan Million, Gavin Brebner,
	             Jean-Marc Zucconi, Jeff Blomberg, Benny Halevy, Dave Boone,
	             Erik Habbinga, Kris Strecker, Walter Wong, Joshua Root,
	             Fabrice Bacchella, Zhenghua Xue, Qin Li, Darren Sawyer,
	             Vangel Bojaxhi, Ben England, Vikentsi Lapa,
	             Alexey Skidanov, Sudhir Kumar.

	Run began: Tue Feb 25 16:55:08 2025

	Excel chart generation enabled
	Auto Mode
	Include close in write timing
	Using maximum file size of 16777216 kilobytes.
	Command line used: ../iozone -Rac -g 16G
	Output is in kBytes/sec
	Time Resolution = 0.000001 seconds.
	Processor cache size set to 1024 kBytes.
	Processor cache line size set to 32 bytes.
	File stride size set to 17 * record size.
                                                                    random    random      bkwd     record     stride                                        
              kB  reclen    write    rewrite      read    reread      read     write      read    rewrite       read    fwrite  frewrite     fread   freread
              64       4     54651     56491   2892445   2801873   2133730     53742   2561267      73912    2561267     53872     53337   3958892   4274062
              64       8     52287     53464   4897948   5735102   4897948     36889   3541098      64252    4897948     52115     50640   2923952   3738358
              64      16     54606     58612   3541098   5283570   4564786     55509   3541098      66398    4897948     55996     56242   5735102   7940539
              64      32     54840     57043   8182586   9006179   7940539     57557   4274062      64905    7940539     56337     58664   6421025   8182586
              64      64     54606     56195   6421025  10821524   7100397     58766   5283570      59312    4274062     56790     57091   5389653   6421025
             128       4     91044     90967   2727923   3657016   3359523     89065   2843510     138840    3277486     89006     91494   3036502   3053774
             128       8     90782     92742   5603747   3867787   3199360     87313   2969325     140475    4934216     87128     93632   3560017   4889281
             128      16     91556     95736   6114306   4889281   7082197     93845   4135958     135580    6727225     90461     98223   5122535   5847904
             128      32     94406     98080   8548124   5784891   8036304     93355   5122535     122132    7582312     93714     95890   5603747   6727225
             128      64     96824     92823   4267461   9977956   6727225     92360   4557257     112485    7082197     92360     94389   7476717   8036304
             128     128     95599     91292   5847904  10567140   5847904     92951   3380677      93437    5122535     94606     94323   5325799   6727225
             256       4    136316    138819   3368013   2943325   2509882    137715   2247235     237301    2557711    130011    129807   2639446   3285566
             256       8    134103    132974   5569035   4132864   4755158    133752   3756894     258061    5117791    137644    141211   5569035   5971678
             256      16    145872    150240   5117791   5117791   4572895    147719   4332998     265003    7120034    143994    146529   6249745   6719046
             256      32    149363    141285   4404088   8024634   7073132    148413   5810112     254754    9518507    160001    147983   7735574   7791708
             256      64    146790    141602   8534922   9192546   7571923    150135   6213578     236830   11569783    147556    153198   6719046   6554972
             256     128    150768    146369   9434868   9868433   7314033    144947   7120034     196626    7735574    145045    149550   6249745   7518900
             256     256    143648    141676   6761355  16072608  10651598    153395   7120034     151576    8271916    154321    149779   7314033   8271916
             512       4    177466    203248   3659616   3459188   3325278    186935   2768068     488975    3388236    196031    208639   4411377   4620174
             512       8    193644    217316   5822804   4973263   5699180    197673   4580754     525082    4123387    207791    189760   5624545   3822466
             512      16    192775    204311   5115422   6086873   5624545    197382   5398323     493242    6571132    219561    203653   7309196   8109658
             512      32    198605    204642   5886650   5331314   5699180    208376   5495016     418302    7647578    210768    217956   6736026   7309196
             512      64    194099    205543   7211022   7647578   7091952    218599   4411377     427036   13783088    199158    213259  10044089  13438092
             512     128    200703    211308   7871843   5886650   8265729    201493   9107004     382672   13438092    206037    203672   8992598  11943357
             512     256    199992    210088   9145790  10434519  12797441    214046   6821616     279009   12499490    204545    199528   8665997  12146009
             512     512    202119    219538   8992598  15471149  10044089    218533   8992598     201342    8808176    216027    203653  12146009  13783088
            1024       4    236275    258005   3877004   3696803   3092561    264471   2900425     861266    3314514    284608    278861   4832290   5144870
            1024       8    250117    270110   6787181   5821271   5356618    282939   4762630     945651    5219904    279096    283350   7306780   7927135
            1024      16    244159    260225   7420395   6830356   7826025    276011   5200941     930894    7257394    280463    273428   8391792   8122014
            1024      32    249391    280482   9300377   8137402   8542002    279478   8326715     930894    8970167    274301    270331   7644933  10329265
            1024      64    245625    269821   7699755   7319232  11368190    279024  11103681     898941   19363647    281474    273585   7869040   8525047
            1024     128    252529    277205   9855234   9045736  10039528    286506   9569770     791289   16789959    281622    289597  10039528  10429596
            1024     256    247166    272336  10134284   8326715  10454984    277205  10454984     642400   19276739    259580    280482   6025439   9655828
            1024     512    225744    264325   6441107   6874084   8199542    280390   7113161     443108   10039528    230468    267702   8326715  10039528
            1024    1024    241008    255488   5042191   7869040   6918376    266671   5782087     273359    8262639    282010    279714   6559147   6441107
            2048       4    338122    399219   3730203   3573472   3175804    393081   2340067    1236708    3016334    393694    383670   3929871   4063729
            2048       8    341157    400952   5475461   4829046   4697018    377234   3195891    1369829    3696494    388459    382219   3960675   4162181
            2048      16    333877    387583   5596757   4460436   5080379    415157   5754221    1647852    5549749    416505    403381   6649556   6340344
            2048      32    364415    251964   5578583   4412322   5080379    402210   4301837    1492654    6202989    400000    397520   6189580   7903836
            2048      64    328464    398978   6649556   5251194   7451329    416445   6717153    1443248    7556202    400392    401252   7207495   7754008
            2048     128    358544    404673   7082696   5670651   8758039    422966   7336772    1315294   14738933    399442    402116   7106133   7477273
            2048     256    335127    389799   6382745   5685664   8722466    403381   7135648    1134013   15289867    384237    395907   5578583   6359119
            2048     512    352917    399368   6097316   5596757   6851089    420708   6420913     810768   13926483    374684    390011   7112016   7165410
            2048    1024    365392    397428   5816563   6717153   6895083    405629   7311791     550396    6867521    363505    394453   5503525   7213548
            2048    2048    355443    392560   6523312   9149853   7393606    181606   4188565     394453    6802261    422093    400000   5332694   7088541
            4096       4    435056    506052   4196552   3589754   3261295    372731   2464192    1992144    2892328    482800    472106   3730046   3341213
            4096       8    434770    486285   4104315   3450600   4162994    505501   4390677    2463132    4231697    490533    499999   3935097   3973321
            4096      16    443342    494316   4681411   4192455   4676314    485817   4511750    2561557    5580043    501839    470001   5013377   5926533
            4096      32    428941    484215   6503078   6024207   6782940    493719   5320812    2589355    5396016    497695    478337   5679660   5211065
            4096      64    429939    483071   5833956   4812550   6615769    513601   5689064    2261757    5271829    484270    381623   5490871   6461498
            4096     128    415125    478230   6772244   6060333   9874590    562945   6682678    2446993   10112910    520589    515868   8824645   9394037
            4096     256    482339    326819   7529067   4835578   6680080    534801   6941906    1774815   14475721    494387    406145   6131713   5278308
            4096     512    455762    496014   7728911   6636214   8847367    355839   6468797    1522119   16443123    484215    496430   6189146   5744227
            4096    1024    458266    506365   6096896   5953231   7683972    545707   5131680     980373   10806269    492135    320001   6022095   6597984
            4096    2048    461417    509443   5490871   6682678   7742845    285200   4681411     755298    7012747    242325    480706   4219226   5664678
            4096    4096    457900    455871   4196552   6595451   6461498    494686   5025108     391209    4075109    438398    451403   2801763   3634562
            8192       4    499271    479209   3195123   3124519   2549546    509986   2655557    2444696    2707237    465271    509260   3257215   3243073
            8192       8    391792    220019   3700243   3865941   3738897    349981   3919746    3147128    4190311    256504    202077   4257814   3797996
            8192      16    261717    198550   4369352   3423032   4553488    319899   3583691    2861450    3754011    373399    198314   4156350   3995873
            8192      32    238042    258373   5447177   4796296   6267959    240636   4452008    3740932    5645881    327810    203311   4929091   5645881
            8192      64    267397    198791   5117011   4686395   5230743    243984   4708228    3172701    5142283    335188    231726   5123115   4956108
            8192     128    376818    203629   5116249   4971166   7328036    195578   4813767    3099714    5035275    333334    186304   4599816   4870401
            8192     256    505083    267432   4662863   3930957   5299316    322518   4528880    2705319    5191229    266027    239812   5558204   5509188
            8192     512    337648    204728   4266803   4168957   5641246    249086   4141321    2274303   15367944    242532    238617   4240474   4486305
            8192    1024    373431    239890   5422249   4760413   6425016    267547   4324805    1380751    8109821    258585    228188   4190311   4385525
            8192    2048    478869    264419   4387765   4153837   6099933    342246   3930957    1065556    6024002    200079    233330   4670469   5168583
            8192    4096    383574    202241   3715447   4508083   5287898    325284   4316113     436836    3895306    245292    229294   3305789   3965436
            8192    8192    488433    218244   3936361   7142200   7571884    245718   3862465     274577    2973374    202381    193614   3808521   4336814
           16384       4    269150    178179   2680605   2321305   2019687    299710   2358753    2800669    2280326    320512    186529   3338845   3424705
           16384       8    340446    203892   4245663   3672716   3704393    207534   3032391    2861903    3212570    186268    183159   3797116   4100010
           16384      16    164777    169024   4654590   4160579   4564923    200435   3989101    4389112    4373747    182094    150179   4321760   4699794
           16384      32    149457    161849   5042962   4413637   5734840    156124   4575257    5091536    4901250    161342    152971   4834359   5137979
           16384      64    154825    160322   5069376   4384351   4584108    163402   5249445    5251050    5461379    153441    158707   4942138   5479669
           16384     128    153739    145631   5129541   4780882   5330063    176822   5510869    5116937    5803614    173649    165637   5118462   5157259
           16384     256    189884    192034   4966426   3715207   5031885    232812   2634968    2912236    4853136    249885    195599   5326345   5465288
           16384     512    294009    209814   4808986   4128831   5209649    244917   4746211    3222060    5389422    231657    208620   4663751   5005495
           16384    1024    230523    188521   4733787   3687694   4597295    274508   4800252    2425438   11553752    273295    204245   4740645   4923019
           16384    2048    237102    207479   4903698   4047368   4658377    253272   4142770    1943489    7386962    240062    184491   4231545   5274831
           16384    4096    365739    213378   4524648   3975715   4680906    237187   3850519    1433064    4654590    211753    181276   4211834   4981547
           16384    8192    282798    206790   3170184   4005844   4257763    274462   3134468     704997    3314688    225662    186334   3909445   4790881
           16384   16384    386568    202558   3300678   4137532   4235718    310103   2888610     235599    2840492    223742    197826   3606411   3449979
           32768      64    230439    196113   5233615   4343038   5339548    221433   4682470    6219011    5078705    223956    192513   5158770   5449643
           32768     128    258510    184471   5390226   4787845   5590857    222669   5323829    6533882    5459384    228098    197264   4986030   5097731
           32768     256    233540    206688   5014225   3946015   4813838    238901   5552010    5927463    4680556    219386    190414   4890751   5517463
           32768     512    246650    183296   5042002   4095954   4940150    224036   4470314    3969034    5485970    253375    198335   4625112   4701209
           32768    1024    241971    199912   5192291   4561258   5440367    234971   5060753    3567173    4825838    229712    193271   5211191   5324654
           32768    2048    239663    197135   4242885   3860123   4335503    242341   4845746    3137817    8573427    238267    200913   5070835   5320326
           32768    4096    216592    199655   4933411   4422130   5095274    233283   4976281    2435746    8894685    198798    200323   4801225   5284323
           32768    8192    232311    189713   4220475   4189215   4820929    246320   4373164    1453645    4561258    205843    185049   4225405   4922456
           32768   16384    251585    191553   3460909   3786425   3929993    272326   3705072     582068    3646968    226190    205452   3330738   4343038
           65536      64    220540    190777   5421141   4614847   5408128    214933   5273659    6663415    5367785    225875    195464   5363387   5588448
           65536     128    219993    189386   5552886   4697578   5602800    223510   5365271    7792692    5444118    222107    194421   5603257   5769557
           65536     256    225225    194200   5531320   4626343   5678966    217907   5492855    7326598    5700282    224300    193644   5626425   5813116
           65536     512    230690    191652   5270726   4624630   5499779    222872   5140517    6284531    5555243    226083    190504   5460448   5619638
           65536    1024    219851    192646   4963414   4253903   5166022    221742   4973832    4797271    5231105    226445    191176   5127189   5141286
           65536    2048    219983    191646   4611983   4291493   5197574    229876   4970505    4094173    5265980    221902    191556   5111648   5446814
           65536    4096    219013    194600   5057197   4284202   5024289    225559   5040412    3328230    8910487     58805    195072   5052549   5256816
           65536    8192    222086    198375   4425462   4060426   4270558    224333   3585123    1750571    4499497    229139    192624   4353411   4620044
           65536   16384    234770    189539   3136128   3296380   3837640    249803   3759486    1363658    3870549    209140    195684   3793679   4135753
          131072      64    206929    194596   5372024   4581153   5225527    218982   5278560    7956773    5234931    224744    193763   5496579   5589857
          131072     128    219905     82394   5606389   4699779   5316077    186770   5324212    8433932    5307660    222404    178249   5668765   5585598
          131072     256    184591    174156   5539112   4715016   5622041    176756   5685944    7801960    5513226    172626    180952   4495553   5174133
          131072     512    218615    192756   5259321   4544307   5325707    216044   5427178    7566369    5279219    224894    194977   5304638   5531365
          131072    1024    213426    194573   4993612   4159969   5027680    223275   4988628    5548728    5160727    226432    193002   4702111   5213683
          131072    2048    222237    191905   5130817   4358754   5199432    219219   5300291    5004476    5352932    225159    193014   5047854   5186238
          131072    4096    220389    191348   4874378   4113866   4930686    223318   5080274    3916928    4879829    221595    194462   5003702   5150960
          131072    8192    215147    194059   3945574   3682227   4346761    231524   4548894    2829828    5763678    223775    191699   4813855   4960897
          131072   16384    228685    193809   3888778   3407651   3725016    240748   4073598    2004339    3936110    223882    193364   3291856   3222110
          262144      64    209877    192694   5338658   4533174   5234827    219121   5333659    8092093    5302587    222506    192410   5531165   5697281
          262144     128    213911    193537   5590733   4731243   5557557    218059   5611562    8918540    5604697    222263    193392   5675695   5571243
          262144     256    216040    191888   5683704   4785128   5660501    216769   5784169    8837679    5829309    219541    191593   5779821   5828938
          262144     512    216504    192313   5292938   4633252   5360260    217237   5041901    5633875    4680629    228547    192321   5453931   5490617
          262144    1024    222618    192735   5074220   4354556   5075017    217976   5294365    6273788    5359502    223250    193247   5129926   5204793
          262144    2048    213971    193337   4903569   4205665   5132105    219755   5222916    5444884    5287592    223348    192755   5076657   5201986
          262144    4096    213027    193865   4269089   3351793   4695320    226308   4628259    4588720    5136853    224339    192384   4435825   5023931
          262144    8192    224932    193106   3924965   3627089   4066951    228559   4645879    3048256    5054068    228270    192076   3832241   4166982
          262144   16384    227409    192583   3394855   3026399   3385468    236244   3387617    2211194    3916744    238820    193948   3756140   3742995
          524288      64    207138    191895   4990602   4389550   5064169    213620   5221425    8580254    4800995    212654    192515   5635027   5243825
          524288     128    211191    192453   5533849   4761967   5600940    215576   5685862    8629549    5627039    214488    192162   5526394   5540234
          524288     256    211391    192290   4856405   3770720   5238478    215464   5838143    9291288    5487573    214201    192398   5615529   5775112
          524288     512    211979    191705   5470903   4619148   5411224    215944   5589607    8199442    5495623    213995    192502   5726044   5538113
          524288    1024    211952    192072   4985059   4369906   5037890    214963   5175185    6410253    5246126    213352    191963   5277932   5116449
          524288    2048    211424    191998   4944849   4106495   5049192    215221   5112915    5751113    5273730    212448    192003   5314143   5346014
          524288    4096    208279    192689   4957189   4139627   4762483    215630   5081535    5195138    5073235    212050    192147   5088884   5234924
          524288    8192    211063    192117   4062269   3447243   4010402    215020   4561287    3108051    4498435    206800    192449   4196354   3846121
          524288   16384    206015    192652   3273667   3184083   3726521    213518   3477586    2346426    4013930    207405    192397   3291030   3447745
         1048576      64    189708    192038   5089013   4291761   4879822    194034   5302078    8582997    5248047    194060    192056   5466000   5589634
         1048576     128    192500    192211   5491278   4539470   5534780    194949   5532330    8646902    5602087    194362    191951   5679458   5637445
         1048576     256    192464    191832   5509949   4614862   5687007    195436   5457210    7800502    5655532    193542    192037   5389803   5426881
         1048576     512    190468    192008   5060939   4081506   4854115    194656   4992788    7048345    4935382    193222    191839   5000650   5307228
         1048576    1024    191029    191978   4518246   4349743   5029668    195046   5081246    6686371    5308977    193776    192244   5424913   5433458
         1048576    2048    192838    191981   4970000   4213960   5183119    193773   5291348    5980516    5175933    193411    191882   5093982   5270708
         1048576    4096    192337    192230   4823991   4125457   5051963    195053   5254493    5689811    5362138    193041    192035   5095392   5255516
         1048576    8192    192257    192218   4368902   3926971   4545447    195032   4721336    3718225    4910968    191003    189899   4866550   4929761
         1048576   16384    191597    192215   3950854   3186027   3693159    194411   4164435    2878442    4280008    189199    188556   4040054   4205020
         2097152      64    183582    187262   5877734   4925829   5401231    186306   5712443    8707909    5828725    185954    185686   6108678   6226344
         2097152     128    184652    187195   6034360   5032122   5964359    186178   5984201    9214729    6063921    186159    186380   6328940   6374129
         2097152     256    184648    187222   6141288   5113805   6066200    186587   6106757    9384322    6260565    186459    185987   6143321   6540561
         2097152     512    185117    187792   5952170   4944120   5799724    187725   5417178    8689080    5943110    186527    186496   5998169   6161119
         2097152    1024    185005    187548   5619904   4744975   5633841    187362   5574197    6880285    5628596    185778    185319   5711463   5693305
         2097152    2048    184567    187295   5400995   4543183   5386855    187255   5586343    5930256    5769807    185489    185737   5578453   5863914
         2097152    4096    184446    187070   5150722   4527511   5441299    187052   4959762    5547990    5487657    185133    184505   5183170   5401954
         2097152    8192    184256    186797   4955920   4071097   4899050    187289   5235327    4112861    5258073    183223    182574   5450561   5394711
         2097152   16384    183579    185213   3680725   3399125   3793628    185463   4270663    2799334    4029474    180459    181251   4531023   4547568
         4194304      64    186702    188252   5838104   4763542   5339416    187800   5501338    8201466    5384617    185593    187746   6250992   6304636
         4194304     128    186944    188127   6333145   5201849   6056074    188490   6253659    9302587    6218482    187849    187760   6451833   6530235
         4194304     256    183608    188539   5883538   4749904   5606578    187961   5830142    8530054    5845669    187721    187691   6459304   6706389
         4194304     512    186989    188637   5985005   4781870   5740007    188581   5675263    7829401    5763400    187722    187251   6047010   6198814
         4194304    1024    186873    188537   5831333   4833216   5724096    188362   5765374    6946396    5807562    187625    187331   5316702   5476844
         4194304    2048    186728    188609   5745046   4762110   5654842    188642   5847675    6260576    5796855    178896    181169   5330439   5662153
         4194304    4096    186237    170804   5571899   4451663   5510106    180008   5700751    5867275    5772197    187144    186749   5425951   5513981
         4194304    8192    185215    188035   4545942   3734521   5024467    188575   5544882    3550715    5441783    185666    185918   5394126   5551363
         4194304   16384    186131    187666   3659880   3271884   3969758    187837   3759660    2930428    4423312    185174    184859   4212619   4277353
         8388608      64    189330    187970    192098    192118    253222    190963    582555    8078357     488282    192507    190444    325579    415133
         8388608     128    189482    188297    192161    192137    517248    192189    901817    8579432     717145    193099    191980    458923    579598
         8388608     256    189565    188528    192086    192119    861572    192736   1218311    8523484    1038116    193024    192042    626016    845516
         8388608     512    189385    188317    192082    192053    952943    192006   1940941    8736475    1302273    193423    192024    865337   1118230
         8388608    1024    189651    188548    192042    192075    934672    192057   1776977    6273732    1475649    192532    190937    852464   1191190
         8388608    2048    189065    188338    192070    192090    819000    191441   1321602    6165445    1561110    192561    191928    802417   1187406
         8388608    4096    187560    188187    192143    192178    877819    192038   2659181    5514575    1691035    189775    191290   1002296   1337139
         8388608    8192    189343    187195    188074    176931    812005    182944   2002593    3899213    1605409    185525    175751    831597   1426806
         8388608   16384    179649    187454    192439    190096   1001432    190288   2081280    2750413    1712446    172387    171834    986840   1553152
        16777216      64    190623    189938    192122    192132     80052    191482     82548    8738725      92446    192721    188996    194017    220229
        16777216     128    189517    187327    185553    192126    136977    190424    151878    8356170     161290    189932    182132    187551    210260
        16777216     256    191193    189386    192094    192118    222048    186648    225184    9315763     271854    192400    190573    242973    229049
        16777216     512    177627    190178    189005    184312    216619    186561    276377    8544872     267631    190330    190589    247754    247752
        16777216    1024    190592    190073    192048    192054    222868    190406    296588    7188049     273041    192054    190317    242318    242303
        16777216    2048    188331    190306    192017    192049    180622    185662    270782    5592023     253048    186883    190413    241406    237484
        16777216    4096    189425    187258    186569    191128    197931    192066    266506    5896091     271763    192068    190393    244233    244226
        16777216    8192    190697    187575    185625    176637    212597    192075    267492    4314633     272890    192061    189944    241377    241389
        16777216   16384    190583    190102    192219    192252    216713    191250    270268    2989386     271212    190358    189789    238973    238951

iozone test complete.
Excel output is below:

"Writer report"
        "4"  "8"  "16"  "32"  "64"  "128"  "256"  "512"  "1024"  "2048"  "4096"  "8192"  "16384"
"64"   54651  52287  54606  54840  54606 
"128"   91044  90782  91556  94406  96824  95599 
"256"   136316  134103  145872  149363  146790  150768  143648 
"512"   177466  193644  192775  198605  194099  200703  199992  202119 
"1024"   236275  250117  244159  249391  245625  252529  247166  225744  241008 
"2048"   338122  341157  333877  364415  328464  358544  335127  352917  365392  355443 
"4096"   435056  434770  443342  428941  429939  415125  482339  455762  458266  461417  457900 
"8192"   499271  391792  261717  238042  267397  376818  505083  337648  373431  478869  383574  488433 
"16384"   269150  340446  164777  149457  154825  153739  189884  294009  230523  237102  365739  282798  386568 
"32768"   0  0  0  0  230439  258510  233540  246650  241971  239663  216592  232311  251585 
"65536"   0  0  0  0  220540  219993  225225  230690  219851  219983  219013  222086  234770 
"131072"   0  0  0  0  206929  219905  184591  218615  213426  222237  220389  215147  228685 
"262144"   0  0  0  0  209877  213911  216040  216504  222618  213971  213027  224932  227409 
"524288"   0  0  0  0  207138  211191  211391  211979  211952  211424  208279  211063  206015 
"1048576"   0  0  0  0  189708  192500  192464  190468  191029  192838  192337  192257  191597 
"2097152"   0  0  0  0  183582  184652  184648  185117  185005  184567  184446  184256  183579 
"4194304"   0  0  0  0  186702  186944  183608  186989  186873  186728  186237  185215  186131 
"8388608"   0  0  0  0  189330  189482  189565  189385  189651  189065  187560  189343  179649 
"16777216"   0  0  0  0  190623  189517  191193  177627  190592  188331  189425  190697  190583 

"Re-writer report"
        "4"  "8"  "16"  "32"  "64"  "128"  "256"  "512"  "1024"  "2048"  "4096"  "8192"  "16384"
"64"   56491  53464  58612  57043  56195 
"128"   90967  92742  95736  98080  92823  91292 
"256"   138819  132974  150240  141285  141602  146369  141676 
"512"   203248  217316  204311  204642  205543  211308  210088  219538 
"1024"   258005  270110  260225  280482  269821  277205  272336  264325  255488 
"2048"   399219  400952  387583  251964  398978  404673  389799  399368  397428  392560 
"4096"   506052  486285  494316  484215  483071  478230  326819  496014  506365  509443  455871 
"8192"   479209  220019  198550  258373  198791  203629  267432  204728  239890  264419  202241  218244 
"16384"   178179  203892  169024  161849  160322  145631  192034  209814  188521  207479  213378  206790  202558 
"32768"   0  0  0  0  196113  184471  206688  183296  199912  197135  199655  189713  191553 
"65536"   0  0  0  0  190777  189386  194200  191652  192646  191646  194600  198375  189539 
"131072"   0  0  0  0  194596  82394  174156  192756  194573  191905  191348  194059  193809 
"262144"   0  0  0  0  192694  193537  191888  192313  192735  193337  193865  193106  192583 
"524288"   0  0  0  0  191895  192453  192290  191705  192072  191998  192689  192117  192652 
"1048576"   0  0  0  0  192038  192211  191832  192008  191978  191981  192230  192218  192215 
"2097152"   0  0  0  0  187262  187195  187222  187792  187548  187295  187070  186797  185213 
"4194304"   0  0  0  0  188252  188127  188539  188637  188537  188609  170804  188035  187666 
"8388608"   0  0  0  0  187970  188297  188528  188317  188548  188338  188187  187195  187454 
"16777216"   0  0  0  0  189938  187327  189386  190178  190073  190306  187258  187575  190102 

"Reader report"
        "4"  "8"  "16"  "32"  "64"  "128"  "256"  "512"  "1024"  "2048"  "4096"  "8192"  "16384"
"64"   2892445  4897948  3541098  8182586  6421025 
"128"   2727923  5603747  6114306  8548124  4267461  5847904 
"256"   3368013  5569035  5117791  4404088  8534922  9434868  6761355 
"512"   3659616  5822804  5115422  5886650  7211022  7871843  9145790  8992598 
"1024"   3877004  6787181  7420395  9300377  7699755  9855234  10134284  6441107  5042191 
"2048"   3730203  5475461  5596757  5578583  6649556  7082696  6382745  6097316  5816563  6523312 
"4096"   4196552  4104315  4681411  6503078  5833956  6772244  7529067  7728911  6096896  5490871  4196552 
"8192"   3195123  3700243  4369352  5447177  5117011  5116249  4662863  4266803  5422249  4387765  3715447  3936361 
"16384"   2680605  4245663  4654590  5042962  5069376  5129541  4966426  4808986  4733787  4903698  4524648  3170184  3300678 
"32768"   0  0  0  0  5233615  5390226  5014225  5042002  5192291  4242885  4933411  4220475  3460909 
"65536"   0  0  0  0  5421141  5552886  5531320  5270726  4963414  4611983  5057197  4425462  3136128 
"131072"   0  0  0  0  5372024  5606389  5539112  5259321  4993612  5130817  4874378  3945574  3888778 
"262144"   0  0  0  0  5338658  5590733  5683704  5292938  5074220  4903569  4269089  3924965  3394855 
"524288"   0  0  0  0  4990602  5533849  4856405  5470903  4985059  4944849  4957189  4062269  3273667 
"1048576"   0  0  0  0  5089013  5491278  5509949  5060939  4518246  4970000  4823991  4368902  3950854 
"2097152"   0  0  0  0  5877734  6034360  6141288  5952170  5619904  5400995  5150722  4955920  3680725 
"4194304"   0  0  0  0  5838104  6333145  5883538  5985005  5831333  5745046  5571899  4545942  3659880 
"8388608"   0  0  0  0  192098  192161  192086  192082  192042  192070  192143  188074  192439 
"16777216"   0  0  0  0  192122  185553  192094  189005  192048  192017  186569  185625  192219 

"Re-Reader report"
        "4"  "8"  "16"  "32"  "64"  "128"  "256"  "512"  "1024"  "2048"  "4096"  "8192"  "16384"
"64"   2801873  5735102  5283570  9006179  10821524 
"128"   3657016  3867787  4889281  5784891  9977956  10567140 
"256"   2943325  4132864  5117791  8024634  9192546  9868433  16072608 
"512"   3459188  4973263  6086873  5331314  7647578  5886650  10434519  15471149 
"1024"   3696803  5821271  6830356  8137402  7319232  9045736  8326715  6874084  7869040 
"2048"   3573472  4829046  4460436  4412322  5251194  5670651  5685664  5596757  6717153  9149853 
"4096"   3589754  3450600  4192455  6024207  4812550  6060333  4835578  6636214  5953231  6682678  6595451 
"8192"   3124519  3865941  3423032  4796296  4686395  4971166  3930957  4168957  4760413  4153837  4508083  7142200 
"16384"   2321305  3672716  4160579  4413637  4384351  4780882  3715207  4128831  3687694  4047368  3975715  4005844  4137532 
"32768"   0  0  0  0  4343038  4787845  3946015  4095954  4561258  3860123  4422130  4189215  3786425 
"65536"   0  0  0  0  4614847  4697578  4626343  4624630  4253903  4291493  4284202  4060426  3296380 
"131072"   0  0  0  0  4581153  4699779  4715016  4544307  4159969  4358754  4113866  3682227  3407651 
"262144"   0  0  0  0  4533174  4731243  4785128  4633252  4354556  4205665  3351793  3627089  3026399 
"524288"   0  0  0  0  4389550  4761967  3770720  4619148  4369906  4106495  4139627  3447243  3184083 
"1048576"   0  0  0  0  4291761  4539470  4614862  4081506  4349743  4213960  4125457  3926971  3186027 
"2097152"   0  0  0  0  4925829  5032122  5113805  4944120  4744975  4543183  4527511  4071097  3399125 
"4194304"   0  0  0  0  4763542  5201849  4749904  4781870  4833216  4762110  4451663  3734521  3271884 
"8388608"   0  0  0  0  192118  192137  192119  192053  192075  192090  192178  176931  190096 
"16777216"   0  0  0  0  192132  192126  192118  184312  192054  192049  191128  176637  192252 

"Random read report"
        "4"  "8"  "16"  "32"  "64"  "128"  "256"  "512"  "1024"  "2048"  "4096"  "8192"  "16384"
"64"   2133730  4897948  4564786  7940539  7100397 
"128"   3359523  3199360  7082197  8036304  6727225  5847904 
"256"   2509882  4755158  4572895  7073132  7571923  7314033  10651598 
"512"   3325278  5699180  5624545  5699180  7091952  8265729  12797441  10044089 
"1024"   3092561  5356618  7826025  8542002  11368190  10039528  10454984  8199542  6918376 
"2048"   3175804  4697018  5080379  5080379  7451329  8758039  8722466  6851089  6895083  7393606 
"4096"   3261295  4162994  4676314  6782940  6615769  9874590  6680080  8847367  7683972  7742845  6461498 
"8192"   2549546  3738897  4553488  6267959  5230743  7328036  5299316  5641246  6425016  6099933  5287898  7571884 
"16384"   2019687  3704393  4564923  5734840  4584108  5330063  5031885  5209649  4597295  4658377  4680906  4257763  4235718 
"32768"   0  0  0  0  5339548  5590857  4813838  4940150  5440367  4335503  5095274  4820929  3929993 
"65536"   0  0  0  0  5408128  5602800  5678966  5499779  5166022  5197574  5024289  4270558  3837640 
"131072"   0  0  0  0  5225527  5316077  5622041  5325707  5027680  5199432  4930686  4346761  3725016 
"262144"   0  0  0  0  5234827  5557557  5660501  5360260  5075017  5132105  4695320  4066951  3385468 
"524288"   0  0  0  0  5064169  5600940  5238478  5411224  5037890  5049192  4762483  4010402  3726521 
"1048576"   0  0  0  0  4879822  5534780  5687007  4854115  5029668  5183119  5051963  4545447  3693159 
"2097152"   0  0  0  0  5401231  5964359  6066200  5799724  5633841  5386855  5441299  4899050  3793628 
"4194304"   0  0  0  0  5339416  6056074  5606578  5740007  5724096  5654842  5510106  5024467  3969758 
"8388608"   0  0  0  0  253222  517248  861572  952943  934672  819000  877819  812005  1001432 
"16777216"   0  0  0  0  80052  136977  222048  216619  222868  180622  197931  212597  216713 

"Random write report"
        "4"  "8"  "16"  "32"  "64"  "128"  "256"  "512"  "1024"  "2048"  "4096"  "8192"  "16384"
"64"   53742  36889  55509  57557  58766 
"128"   89065  87313  93845  93355  92360  92951 
"256"   137715  133752  147719  148413  150135  144947  153395 
"512"   186935  197673  197382  208376  218599  201493  214046  218533 
"1024"   264471  282939  276011  279478  279024  286506  277205  280390  266671 
"2048"   393081  377234  415157  402210  416445  422966  403381  420708  405629  181606 
"4096"   372731  505501  485817  493719  513601  562945  534801  355839  545707  285200  494686 
"8192"   509986  349981  319899  240636  243984  195578  322518  249086  267547  342246  325284  245718 
"16384"   299710  207534  200435  156124  163402  176822  232812  244917  274508  253272  237187  274462  310103 
"32768"   0  0  0  0  221433  222669  238901  224036  234971  242341  233283  246320  272326 
"65536"   0  0  0  0  214933  223510  217907  222872  221742  229876  225559  224333  249803 
"131072"   0  0  0  0  218982  186770  176756  216044  223275  219219  223318  231524  240748 
"262144"   0  0  0  0  219121  218059  216769  217237  217976  219755  226308  228559  236244 
"524288"   0  0  0  0  213620  215576  215464  215944  214963  215221  215630  215020  213518 
"1048576"   0  0  0  0  194034  194949  195436  194656  195046  193773  195053  195032  194411 
"2097152"   0  0  0  0  186306  186178  186587  187725  187362  187255  187052  187289  185463 
"4194304"   0  0  0  0  187800  188490  187961  188581  188362  188642  180008  188575  187837 
"8388608"   0  0  0  0  190963  192189  192736  192006  192057  191441  192038  182944  190288 
"16777216"   0  0  0  0  191482  190424  186648  186561  190406  185662  192066  192075  191250 

"Backward read report"
        "4"  "8"  "16"  "32"  "64"  "128"  "256"  "512"  "1024"  "2048"  "4096"  "8192"  "16384"
"64"   2561267  3541098  3541098  4274062  5283570 
"128"   2843510  2969325  4135958  5122535  4557257  3380677 
"256"   2247235  3756894  4332998  5810112  6213578  7120034  7120034 
"512"   2768068  4580754  5398323  5495016  4411377  9107004  6821616  8992598 
"1024"   2900425  4762630  5200941  8326715  11103681  9569770  10454984  7113161  5782087 
"2048"   2340067  3195891  5754221  4301837  6717153  7336772  7135648  6420913  7311791  4188565 
"4096"   2464192  4390677  4511750  5320812  5689064  6682678  6941906  6468797  5131680  4681411  5025108 
"8192"   2655557  3919746  3583691  4452008  4708228  4813767  4528880  4141321  4324805  3930957  4316113  3862465 
"16384"   2358753  3032391  3989101  4575257  5249445  5510869  2634968  4746211  4800252  4142770  3850519  3134468  2888610 
"32768"   0  0  0  0  4682470  5323829  5552010  4470314  5060753  4845746  4976281  4373164  3705072 
"65536"   0  0  0  0  5273659  5365271  5492855  5140517  4973832  4970505  5040412  3585123  3759486 
"131072"   0  0  0  0  5278560  5324212  5685944  5427178  4988628  5300291  5080274  4548894  4073598 
"262144"   0  0  0  0  5333659  5611562  5784169  5041901  5294365  5222916  4628259  4645879  3387617 
"524288"   0  0  0  0  5221425  5685862  5838143  5589607  5175185  5112915  5081535  4561287  3477586 
"1048576"   0  0  0  0  5302078  5532330  5457210  4992788  5081246  5291348  5254493  4721336  4164435 
"2097152"   0  0  0  0  5712443  5984201  6106757  5417178  5574197  5586343  4959762  5235327  4270663 
"4194304"   0  0  0  0  5501338  6253659  5830142  5675263  5765374  5847675  5700751  5544882  3759660 
"8388608"   0  0  0  0  582555  901817  1218311  1940941  1776977  1321602  2659181  2002593  2081280 
"16777216"   0  0  0  0  82548  151878  225184  276377  296588  270782  266506  267492  270268 

"Record rewrite report"
        "4"  "8"  "16"  "32"  "64"  "128"  "256"  "512"  "1024"  "2048"  "4096"  "8192"  "16384"
"64"   73912  64252  66398  64905  59312 
"128"   138840  140475  135580  122132  112485  93437 
"256"   237301  258061  265003  254754  236830  196626  151576 
"512"   488975  525082  493242  418302  427036  382672  279009  201342 
"1024"   861266  945651  930894  930894  898941  791289  642400  443108  273359 
"2048"   1236708  1369829  1647852  1492654  1443248  1315294  1134013  810768  550396  394453 
"4096"   1992144  2463132  2561557  2589355  2261757  2446993  1774815  1522119  980373  755298  391209 
"8192"   2444696  3147128  2861450  3740932  3172701  3099714  2705319  2274303  1380751  1065556  436836  274577 
"16384"   2800669  2861903  4389112  5091536  5251050  5116937  2912236  3222060  2425438  1943489  1433064  704997  235599 
"32768"   0  0  0  0  6219011  6533882  5927463  3969034  3567173  3137817  2435746  1453645  582068 
"65536"   0  0  0  0  6663415  7792692  7326598  6284531  4797271  4094173  3328230  1750571  1363658 
"131072"   0  0  0  0  7956773  8433932  7801960  7566369  5548728  5004476  3916928  2829828  2004339 
"262144"   0  0  0  0  8092093  8918540  8837679  5633875  6273788  5444884  4588720  3048256  2211194 
"524288"   0  0  0  0  8580254  8629549  9291288  8199442  6410253  5751113  5195138  3108051  2346426 
"1048576"   0  0  0  0  8582997  8646902  7800502  7048345  6686371  5980516  5689811  3718225  2878442 
"2097152"   0  0  0  0  8707909  9214729  9384322  8689080  6880285  5930256  5547990  4112861  2799334 
"4194304"   0  0  0  0  8201466  9302587  8530054  7829401  6946396  6260576  5867275  3550715  2930428 
"8388608"   0  0  0  0  8078357  8579432  8523484  8736475  6273732  6165445  5514575  3899213  2750413 
"16777216"   0  0  0  0  8738725  8356170  9315763  8544872  7188049  5592023  5896091  4314633  2989386 

"Stride read report"
        "4"  "8"  "16"  "32"  "64"  "128"  "256"  "512"  "1024"  "2048"  "4096"  "8192"  "16384"
"64"   2561267  4897948  4897948  7940539  4274062 
"128"   3277486  4934216  6727225  7582312  7082197  5122535 
"256"   2557711  5117791  7120034  9518507  11569783  7735574  8271916 
"512"   3388236  4123387  6571132  7647578  13783088  13438092  12499490  8808176 
"1024"   3314514  5219904  7257394  8970167  19363647  16789959  19276739  10039528  8262639 
"2048"   3016334  3696494  5549749  6202989  7556202  14738933  15289867  13926483  6867521  6802261 
"4096"   2892328  4231697  5580043  5396016  5271829  10112910  14475721  16443123  10806269  7012747  4075109 
"8192"   2707237  4190311  3754011  5645881  5142283  5035275  5191229  15367944  8109821  6024002  3895306  2973374 
"16384"   2280326  3212570  4373747  4901250  5461379  5803614  4853136  5389422  11553752  7386962  4654590  3314688  2840492 
"32768"   0  0  0  0  5078705  5459384  4680556  5485970  4825838  8573427  8894685  4561258  3646968 
"65536"   0  0  0  0  5367785  5444118  5700282  5555243  5231105  5265980  8910487  4499497  3870549 
"131072"   0  0  0  0  5234931  5307660  5513226  5279219  5160727  5352932  4879829  5763678  3936110 
"262144"   0  0  0  0  5302587  5604697  5829309  4680629  5359502  5287592  5136853  5054068  3916744 
"524288"   0  0  0  0  4800995  5627039  5487573  5495623  5246126  5273730  5073235  4498435  4013930 
"1048576"   0  0  0  0  5248047  5602087  5655532  4935382  5308977  5175933  5362138  4910968  4280008 
"2097152"   0  0  0  0  5828725  6063921  6260565  5943110  5628596  5769807  5487657  5258073  4029474 
"4194304"   0  0  0  0  5384617  6218482  5845669  5763400  5807562  5796855  5772197  5441783  4423312 
"8388608"   0  0  0  0  488282  717145  1038116  1302273  1475649  1561110  1691035  1605409  1712446 
"16777216"   0  0  0  0  92446  161290  271854  267631  273041  253048  271763  272890  271212 

"Fwrite report"
        "4"  "8"  "16"  "32"  "64"  "128"  "256"  "512"  "1024"  "2048"  "4096"  "8192"  "16384"
"64"   53872  52115  55996  56337  56790 
"128"   89006  87128  90461  93714  92360  94606 
"256"   130011  137644  143994  160001  147556  145045  154321 
"512"   196031  207791  219561  210768  199158  206037  204545  216027 
"1024"   284608  279096  280463  274301  281474  281622  259580  230468  282010 
"2048"   393694  388459  416505  400000  400392  399442  384237  374684  363505  422093 
"4096"   482800  490533  501839  497695  484270  520589  494387  484215  492135  242325  438398 
"8192"   465271  256504  373399  327810  335188  333334  266027  242532  258585  200079  245292  202381 
"16384"   320512  186268  182094  161342  153441  173649  249885  231657  273295  240062  211753  225662  223742 
"32768"   0  0  0  0  223956  228098  219386  253375  229712  238267  198798  205843  226190 
"65536"   0  0  0  0  225875  222107  224300  226083  226445  221902  58805  229139  209140 
"131072"   0  0  0  0  224744  222404  172626  224894  226432  225159  221595  223775  223882 
"262144"   0  0  0  0  222506  222263  219541  228547  223250  223348  224339  228270  238820 
"524288"   0  0  0  0  212654  214488  214201  213995  213352  212448  212050  206800  207405 
"1048576"   0  0  0  0  194060  194362  193542  193222  193776  193411  193041  191003  189199 
"2097152"   0  0  0  0  185954  186159  186459  186527  185778  185489  185133  183223  180459 
"4194304"   0  0  0  0  185593  187849  187721  187722  187625  178896  187144  185666  185174 
"8388608"   0  0  0  0  192507  193099  193024  193423  192532  192561  189775  185525  172387 
"16777216"   0  0  0  0  192721  189932  192400  190330  192054  186883  192068  192061  190358 

"Re-Fwrite report"
        "4"  "8"  "16"  "32"  "64"  "128"  "256"  "512"  "1024"  "2048"  "4096"  "8192"  "16384"
"64"   53337  50640  56242  58664  57091 
"128"   91494  93632  98223  95890  94389  94323 
"256"   129807  141211  146529  147983  153198  149550  149779 
"512"   208639  189760  203653  217956  213259  203672  199528  203653 
"1024"   278861  283350  273428  270331  273585  289597  280482  267702  279714 
"2048"   383670  382219  403381  397520  401252  402116  395907  390011  394453  400000 
"4096"   472106  499999  470001  478337  381623  515868  406145  496430  320001  480706  451403 
"8192"   509260  202077  198314  203311  231726  186304  239812  238617  228188  233330  229294  193614 
"16384"   186529  183159  150179  152971  158707  165637  195599  208620  204245  184491  181276  186334  197826 
"32768"   0  0  0  0  192513  197264  190414  198335  193271  200913  200323  185049  205452 
"65536"   0  0  0  0  195464  194421  193644  190504  191176  191556  195072  192624  195684 
"131072"   0  0  0  0  193763  178249  180952  194977  193002  193014  194462  191699  193364 
"262144"   0  0  0  0  192410  193392  191593  192321  193247  192755  192384  192076  193948 
"524288"   0  0  0  0  192515  192162  192398  192502  191963  192003  192147  192449  192397 
"1048576"   0  0  0  0  192056  191951  192037  191839  192244  191882  192035  189899  188556 
"2097152"   0  0  0  0  185686  186380  185987  186496  185319  185737  184505  182574  181251 
"4194304"   0  0  0  0  187746  187760  187691  187251  187331  181169  186749  185918  184859 
"8388608"   0  0  0  0  190444  191980  192042  192024  190937  191928  191290  175751  171834 
"16777216"   0  0  0  0  188996  182132  190573  190589  190317  190413  190393  189944  189789 

"Fread report"
        "4"  "8"  "16"  "32"  "64"  "128"  "256"  "512"  "1024"  "2048"  "4096"  "8192"  "16384"
"64"   3958892  2923952  5735102  6421025  5389653 
"128"   3036502  3560017  5122535  5603747  7476717  5325799 
"256"   2639446  5569035  6249745  7735574  6719046  6249745  7314033 
"512"   4411377  5624545  7309196  6736026  10044089  8992598  8665997  12146009 
"1024"   4832290  7306780  8391792  7644933  7869040  10039528  6025439  8326715  6559147 
"2048"   3929871  3960675  6649556  6189580  7207495  7106133  5578583  7112016  5503525  5332694 
"4096"   3730046  3935097  5013377  5679660  5490871  8824645  6131713  6189146  6022095  4219226  2801763 
"8192"   3257215  4257814  4156350  4929091  5123115  4599816  5558204  4240474  4190311  4670469  3305789  3808521 
"16384"   3338845  3797116  4321760  4834359  4942138  5118462  5326345  4663751  4740645  4231545  4211834  3909445  3606411 
"32768"   0  0  0  0  5158770  4986030  4890751  4625112  5211191  5070835  4801225  4225405  3330738 
"65536"   0  0  0  0  5363387  5603257  5626425  5460448  5127189  5111648  5052549  4353411  3793679 
"131072"   0  0  0  0  5496579  5668765  4495553  5304638  4702111  5047854  5003702  4813855  3291856 
"262144"   0  0  0  0  5531165  5675695  5779821  5453931  5129926  5076657  4435825  3832241  3756140 
"524288"   0  0  0  0  5635027  5526394  5615529  5726044  5277932  5314143  5088884  4196354  3291030 
"1048576"   0  0  0  0  5466000  5679458  5389803  5000650  5424913  5093982  5095392  4866550  4040054 
"2097152"   0  0  0  0  6108678  6328940  6143321  5998169  5711463  5578453  5183170  5450561  4531023 
"4194304"   0  0  0  0  6250992  6451833  6459304  6047010  5316702  5330439  5425951  5394126  4212619 
"8388608"   0  0  0  0  325579  458923  626016  865337  852464  802417  1002296  831597  986840 
"16777216"   0  0  0  0  194017  187551  242973  247754  242318  241406  244233  241377  238973 

"Re-Fread report"
        "4"  "8"  "16"  "32"  "64"  "128"  "256"  "512"  "1024"  "2048"  "4096"  "8192"  "16384"
"64"   4274062  3738358  7940539  8182586  6421025 
"128"   3053774  4889281  5847904  6727225  8036304  6727225 
"256"   3285566  5971678  6719046  7791708  6554972  7518900  8271916 
"512"   4620174  3822466  8109658  7309196  13438092  11943357  12146009  13783088 
"1024"   5144870  7927135  8122014  10329265  8525047  10429596  9655828  10039528  6441107 
"2048"   4063729  4162181  6340344  7903836  7754008  7477273  6359119  7165410  7213548  7088541 
"4096"   3341213  3973321  5926533  5211065  6461498  9394037  5278308  5744227  6597984  5664678  3634562 
"8192"   3243073  3797996  3995873  5645881  4956108  4870401  5509188  4486305  4385525  5168583  3965436  4336814 
"16384"   3424705  4100010  4699794  5137979  5479669  5157259  5465288  5005495  4923019  5274831  4981547  4790881  3449979 
"32768"   0  0  0  0  5449643  5097731  5517463  4701209  5324654  5320326  5284323  4922456  4343038 
"65536"   0  0  0  0  5588448  5769557  5813116  5619638  5141286  5446814  5256816  4620044  4135753 
"131072"   0  0  0  0  5589857  5585598  5174133  5531365  5213683  5186238  5150960  4960897  3222110 
"262144"   0  0  0  0  5697281  5571243  5828938  5490617  5204793  5201986  5023931  4166982  3742995 
"524288"   0  0  0  0  5243825  5540234  5775112  5538113  5116449  5346014  5234924  3846121  3447745 
"1048576"   0  0  0  0  5589634  5637445  5426881  5307228  5433458  5270708  5255516  4929761  4205020 
"2097152"   0  0  0  0  6226344  6374129  6540561  6161119  5693305  5863914  5401954  5394711  4547568 
"4194304"   0  0  0  0  6304636  6530235  6706389  6198814  5476844  5662153  5513981  5551363  4277353 
"8388608"   0  0  0  0  415133  579598  845516  1118230  1191190  1187406  1337139  1426806  1553152 
"16777216"   0  0  0  0  220229  210260  229049  247752  242303  237484  244226  241389  238951 
