	Iozone: Performance Test of File I/O
	        Version $Revision: 3.507 $
		Compiled for 64 bit mode.
		Build: linux-AMD64 

	Contributors:William Norcott, Don Capps, Isom Crawford, Kirby Collins
	             Al Slater, Scott Rhine, Mike Wisner, Ken Goss
	             Steve Landherr, Brad Smith, Mark Kelly, Dr. Alain CYR,
	             Randy Dunlap, Mark Montague, Dan Million, Gavin Brebner,
	             Jean-Marc Zucconi, Jeff Blomberg, Benny Halevy, Dave Boone,
	             Erik Habbinga, Kris Strecker, Walter Wong, Joshua Root,
	             Fabrice Bacchella, Zhenghua Xue, Qin Li, Darren Sawyer,
	             Vangel Bojaxhi, Ben England, Vikentsi Lapa,
	             Alexey Skidanov, Sudhir Kumar.

	Run began: Thu Feb 20 17:15:28 2025

	Excel chart generation enabled
	Auto Mode
	Include close in write timing
	Using maximum file size of 16777216 kilobytes.
	Command line used: ./iozone -Rac -g 16G
	Output is in kBytes/sec
	Time Resolution = 0.000001 seconds.
	Processor cache size set to 1024 kBytes.
	Processor cache line size set to 32 bytes.
	File stride size set to 17 * record size.
                                                                    random    random      bkwd     record     stride                                        
              kB  reclen    write    rewrite      read    reread      read     write      read    rewrite       read    fwrite  frewrite     fread   freread
              64       4     13084     25307   4274062   3738358   3363612     35494   2379626      40946    3738358     31389     33006   3738358   5283570
              64       8     32502     36178   5389653   2923952   3738358     36909   3165299      42414    4897948     35936     36076   4564786   6421025
              64      16     33681     33647   7100397   6421025   7940539     35145   3958892      41503    7940539     37361     37408   7100397   9318832
              64      32     31573     36202   7940539   9318832  10821524     33177   4897948      41077    9006179     35242     35835   7940539  12902017
              64      64     26533     34061   7940539  20962191  12902017     30432   5860307      31682    9318832     33108     36183   5735102   4988978
             128       4     44275     56585   4759253   4759253   3657016     74598   2326073      90522    3380677     57791     53623   3124872   5122535
             128       8     58394     62254   2326073   6406138   2286447     64097   4012317      82687    5847904     57402     69680   4934216   5603747
             128      16     54351     67583   6812590   6727225   4267461     60148   5122535      81211    9129573     64159     57090   6406138  10567140
             128      32     54329     69680   5545860   4889281   5847904     65980   4557257      73135    8036304     63937     62312   6727225  10779307
             128      64     52393     62103   8036304   9795896   9129573     63808   7082197      67617   11720614     55577     66183   8548124  11720614
             128     128     54839     56788   7176872  14586625   8548124     61127   7082197      65513    9977956     66462     62500   8414153   9795896
             256       4     85476     98347   4840911   4197489   2131261     91829   2639446     151384    3454704    100983     95242   4572895   5687020
             256       8     89764     99302   5687020   5455847   5117791    103485   4819184     154211    3935921    103058    107065   6249745   8815202
             256      16     93942     95487   7073132   6936061   7120034     93459   6213578     137998    8534922     90942     90934   7120034   9192546
             256      32     82851     90559   9114515   8534922  11695808     91986   7120034     125542    6761355     93329     90209   7073132  10651598
             256      64     80624     88579   8815202   6936061   7120034     93810   8534922     119853   13454450     92184    100870   9192546  10245071
             256     128     88426     91790   7518900   9778562   8271916     96422   7314033     126742   11695808     97899    102771   8024634  13454450
             256     256     83795     90110   4929815  17096249  11695808     97006   4819184      91166   10651598    102438     99996   5347168  10651598
             512       4    116813    139015   4784885   4195896   2991733    133576   2815243     242658    2638816    121906    117968   4494470   4571003
             512       8    118902    132439   6472112   5760329   4420457    134454   4131319     272633    4447925    137229    133510   5951911   7540170
             512      16    115787    142219   6909408   6491676   8528336    141993   5067142     298518    5886650    141358    147544   7647578   8140399
             512      32    127904    142502   8265729   7758090   7871843    135840   6104175     231664    8701110    126294    138674   8665997  12797441
             512      64    124090    140314   4610256   7435738   6652558    140589   5566231     256513    9638369    148925    140507  10284602   9638369
             512     128    125548    147595  10641343   9510316   7758090    140387   6999490     207871    6395018    148925    147463   8394979  10434519
             512     256    140848    155616   9344779  10641343   8234036    156764   5384786     185851   12797441    128670    131482   8665997  12499490
             512     512    123101    136644   8394979  14240069   7115451    142266   8140399     115339    4973263    150364    155854   9859630  12146009
            1024       4    187374    204602   4410497   4048778   3579719    205041   3241960     526485    3544270    208000    227153   3999762   4488860
            1024       8    191972    217733   6025439   4614246   5720477    214900   5024495     551428    5417427    209196    226351   6016997   6355328
            1024      16    187858    219929   6479979   5277632   7927135    225211   5303701     538364    7269678    205041    206193   6599461   8457895
            1024      32    184898    209186   6733974   7220790   9064828    209788   6692005     521689    8246774    220641    195832   7869040   9743447
            1024      64    171122    210096   7054742   6963241   8822754    176974   6059442     420341   16219316    202327    204261   7811791   8000971
            1024     128    167075    204232   7883484   8895850  11132462    204271   7472033     432619   11249091    191826    206530   7472033   8610501
            1024     256    178238    201652   7941793   9064828   9677584    187817   8000971     331816   15027577    191647    195307   5363307   6569179
            1024     512    169675    209788   5310258   8061038   8122014    201020   6355328     278553    7208671    196396    201539   5917516   7524394
            1024    1024    176342    199452   5096034   8895850   6609617    197607   6569179     214182    6863100    203902    209584   7644933   8680108
            2048       4    269118    305944   3901313   3075736   3179330    278299   2888532     800343    3108009    284248    293654   3624742   4046500
            2048       8    257810    308017   5475461   4842658   5068389    322980   4301837    1004811    5056455    304264    300338   5197183   5238385
            2048      16    240400    316099   4349761   4741090   6007763    294884   4432815     852277    5800851    318797    308759   6185123   7336772
            2048      32    254118    290585   5564129   6097316   7999524    299762   5447681     936048    6984790    296902    289800   6732948   7705319
            2048      64    259665    314594   5420181   6075753   8940345    325132   5986827     920500    8190205    309973    282129   6629029   8464610
            2048     128    254216    305900   6080053   6759439   9708272    319699   7529708     745213   17828628    309929    292027   6649556   8634786
            2048     256    250699    281934   7237860   8029434   9610516    299198   6945257     633485   16653431    291117    285761   7999524   8830061
            2048     512    259767    251839   6802261   7237860   8940345    303812   7589584     514835   14017386    318750    300864   6900622   7207495
            2048    1024    261157    283068   6041567   6440169   8029434    299720   6895083     386641    9400176    274897    291532   7135648   7940367
            2048    2048    242339    275638   4601407   8678404   7726111    292395   6261772     307554    6690992    295564    294248   6900622   7189398
            4096       4    311953    382439   3332786   3266255   3163410    343997   2842558    1171982    2678994    366536    371353   3084464   3456153
            4096       8    342073    402039   5551194   4952675   5347310    392415   3889659    1348730    4696769    410140    412860   5312585   5802430
            4096      16    359834    425204   6410863   5520868   6628532    423276   6532752    1582114    6748303    419893    406510   6178018   7311187
            4096      32    346824    400390   5885924   5649775   7529067    428727   5851841    1539855    6919538    417536    426809   7099689   8032459
            4096      64    360498    407726   5666546   5535098   9000323    438633   6410863    1613314    7473388    443479    413108   6905631   8112108
            4096     128    374608    424185   6944712   7038605   9868918    443674   7642951    1372215    8066402    416382    384674   6748303   8108279
            4096     256    354942    411781   7185807   6953144   8569343    428716   5611025    1220091   17286949    395368    389426   6883496   7983931
            4096     512    371819    414954   6051794   6872481   8480511    434506   5802430     977083   11664722    423099    414994   6815229   7329903
            4096    1024    357475    438118   5353976   6112079   7599002    427787   6897314     755996    9414629    377100    370073   5841891   6330545
            4096    2048    312339    397858   5928578   7173805   7087972    406270   4941279     542519    7515892    386343    378838   6075335   7076294
            4096    4096    205086    382985   4718699   8224733   8127459    352040   5618365     395596    4977067    273761    373720   4145915   6430059
            8192       4    302780    423119   3662380   3244605   3133924    453397   2183954    1795666    2749921    273475    239086   3401682   3589681
            8192       8    292488    191630   4158362   3947668   4670469    358935   3581823    2290831    4088106    462696    437911   4481623   4518755
            8192      16    389925    490742   5281396   4855947   5278151    513316   4875931    2465218    5195153    515510    516976   5970616   6054786
            8192      32    395081    319813   5047109   4049561   5681356    529851   5637544    2519078    6611703    529950    464504   5996667   6404656
            8192      64    443965    491571   5897851   5258763   7913697    522718   5657967    2522221    6440672    494649    436770   5389081   6370221
            8192     128    398522    360343   6229323   5353814   6924845    524225   6558696    2398115    8624852    543771    467423   5885728   6971209
            8192     256    409089    508823   6356080   5884720   8436380    519894   6936028    2109667    9254386    507118    325777   6708520   7103807
            8192     512    377426    489602   5371390   5372229   8234205    506304   5333039    1482761   17731260    432345    469076   5940679   6234975
            8192    1024    399101    495855   5435974   5053790   7453619    535008   6650092    1214519   11299550    513669    487532   5793435   6665573
            8192    2048    407357    499329   5465373   5350479   6890129    534309   5524246    1077891    8650911    452973    464661   5113965   5534924
            8192    4096    409274    436886   5117011   5716328   7148143    323130   4486305     730579    6496691    456021    480073   4995741   6114043
            8192    8192    424520    327429   4131362   6491781   6709830    540869   3608531     451924    4380493    474432    526313   4201070   6112956
           16384       4    447003    501116   3432574   3130327   2770409    474389   2708070    2298555    2638813    565802    389390   3477740   3624099
           16384       8    372643    393497   4414771   3915013   3920597    504016   3896146    2929368    3824376    409722    370493   4321760   4591765
           16384      16    367816    429306   4930437   4469325   4438724    379911   4276576    2951004    4297974    327084    366566   4736724   5157259
           16384      32    465639    615965   5407233   4776562   5791387    469928   4906849    3442720    5188409    335353    586209   5555870   5763216
           16384      64    364867    399221   5476176   4740972   6113394    661554   5887143    4027442    6136321    521883    561999   5540639   5710535
           16384     128    411689    355385   5047407   4449646   6176029    355949   5501604    3292612    5977266    536092    372871   5544663   5953446
           16384     256    374193    338877   6007574   5274831   6739975    395253   5806066    3377574    6382531    324647    531979   5605266   5887143
           16384     512    373806    382117   5271594   4793220   5951384    637934   5134524    2822873    5417891    402516    509736   5535284   5641619
           16384    1024    483688    509705   5039634   4600988   5384355    413154   5209649    2232760   10901268    361039    326588   5221128   5096067
           16384    2048    479149    328697   5216372   4750476   5938526    356547   5096067     939768    8769931    352950    529749   4552223   5571184
           16384    4096    490374    557616   5155324   4824516   5671418    479092   3990259     734537    6714948    564496    386525   4765631   5295153
           16384    8192    440798    502747   3827998   4217262   4724349    558287   4210802     813587    4270198    470118    297518   4090979   5088143
           16384   16384    391018    551468   3239986   4060521   4452241    575728   3687694     329301    3687496    395576    349637   3676842   4063642
           32768      64    405805    601879   5064482   4743558   5542607    468215   5270746    4991462    5386846    377020    401445   5506190   5868241
           32768     128    547886    702226   5788412   4904539   5899729    485071   5761961    5370847    5636947    656883    433651   5580414   5823238
           32768     256    445672    624104   5326305   4615172   5662260    501976   5436924    4579191    5580414    619597    642232   5371897   5988154
           32768     512    344802    597236   5303082   4677211   5357031    479260   5251212    3946582    5537917    278997    341475   5297154   5346403
           32768    1024    528737    441456   5216333   4477742   5412515    481853   5095463    3134740    5144095    635259    433576   4685023   4815355
           32768    2048    394035    647576   5051267   4355149   5112903    473526   5143325    2551838   10123069    563635    425807   4678485   5235210
           32768    4096    433474    507198   4871854   4309943   5092820    460968   4993638    2117644    8419541    577827    589839   5087353   5421482
           32768    8192    499505    441694   4178516   4062058   4406675    639587   4309943    1309356    6148897    643468    591339   4532826   5231224
           32768   16384    497034    476093   3263125   3501557   3821697    497653   3893476     901110    3793009    343992    467020   3643777   4012253
           65536      64    480497    514092   4833374   4275539   5284304    474571   5529540    6411325    5484635    523091    409382   5658391   5705251
           65536     128    398938    487155   5688368   4651866   5485073    428521   5648160    6688709    5705251    527206    456458   5534216   6018546
           65536     256    503705    539439   5746279   4687165   5640394    523429   5705725    5948604    5462184    624568    513167   5869219   6094204
           65536     512    441245    576755   5523540   4697899   5736685    538548   5452216    5499339    5485511    518878    509076   5634613   5600973
           65536    1024    487292    510345   4968618   4384590   5316910    524187   5415267    4399890    5427349    558552    413069   5164761   5473605
           65536    2048    494193    523103   5173704   4268038   5293666    505827   5257620    3726612    5405469    524082    502384   5300608   5225338
           65536    4096    422933    511165   5089784   4198095   3902087    565639   4997797    2038067    8509149    479060    507256   5019977   5199147
           65536    8192    510309    508520   4613918   4123592   4992895    490010   3933243    1789571    6666162    500764    498895   4363293   5156622
           65536   16384    420649    536867   3556917   3651222   3712067    449354   3876280    1357476    3938654    501074    476837   3544213   4338432
          131072      64    436640    469227   5333354   4267899   5109453    460216   5759873    7290629    5448423    454246    405972   6043742   6145557
          131072     128    462627    378162   6172744   5081870   6109157    466060   5190792    6194026    5778399    442614    458133   5686473   5855080
          131072     256    432496    511755   6198705   4623184   5502851    433990   5719187    6082190    5700270    486975    444602   6173923   5684415
          131072     512    424637    397561   5405034   4551418   5820798    440859   6068962    6608451    6089870    464435    521717   5130625   5083844
          131072    1024    490168    427951   5304178   4510084   5597028    364052   5263500    4722468    5148933    403570    457032   5317517   5554390
          131072    2048    483369    535757   5461088   4521620   5424714    454388   4956782    4112574    5556242    481052    483558   4831072   5659894
          131072    4096    436620    419746   4953031   4034348   5354913    475101   5481180    3760176    4993022    483465    429406   5320141   5228260
          131072    8192    280208    439422   4172535   3348722   4126682    474070   4234825    2387722    4816892    448630    475282   4431877   4421682
          131072   16384    429368    459684   3446986   3001689   3370836    460261   3617366    1575954    3878435    419612    454235   3794119   3750812
          262144      64    390723    480353   6216502   4824518   5391697    488823   6314285    6245848    5753960    428853    481270   6050088   6624848
          262144     128    414426    494732   6407193   5031564   5921610    456638   6108608    8009507    6553926    484982    499934   6721643   6397165
          262144     256    437628    484780   6659678   5387708   6620460    457474   6724726    8585922    6520191    397902    438894   6602095   6834494
          262144     512    445253    488935   6295161   5056881   5940807    473668   6257151    7840895    6394673    483848    508309   6233348   6129893
          262144    1024    467805    455132   5035712   4107747   5160432    408095   6101083    6107590    5940261    434615    490819   5893362   5637514
          262144    2048    466614    510584   5681003   4662329   5774084    497290   5928187    5232933    5936220    445779    496574   5920430   5796947
          262144    4096    420394    478720   5453390   4621548   5526022    412986   5872775    4782776    5907198    418456    492185   6009054   6124430
          262144    8192    451348    486040   4162202   4013536   5510568    459400   5508387    2837362    4997216    440650    478557   4558698   4616599
          262144   16384    438339    505929   4169415   3484475   4237025    463454   4618946    2411961    3995364    454268    457036   3743211   4513968
          524288      64    433632    503741   6030655   5101623   6003047    481624   6463517    8594473    6300857    467545    484668   6845020   6948164
          524288     128    433070    453854   6804081   5501563   6470440    504904   6598782    8755927    6481100    486757    514886   6684452   6841613
          524288     256    454472    483602   6611957   5396021   6425743    481537   6429915    8086731    6844232    436983    426016   6589252   6865001
          524288     512    445148    451192   6103975   4897004   5977169    480137   6440800    7983795    6340096    437712    497374   6411654   6422891
          524288    1024    359190    487200   5814310   4823659   5835215    493825   6164912    6534796    6070410    489811    464832   5754755   5936634
          524288    2048    428707    453616   5726730   4741422   5399744    482854   5888167    5677069    5804901    483012    465417   5771869   5977851
          524288    4096    410133    473644   5567925   4513179   5504510    452703   5935624    5126157    5999460    486873    499736   5818048   5873321
          524288    8192    447425    441328   4597400   4125268   5093246    412776   5596820    3489090    5613780    377508    451679   5441095   4993129
          524288   16384    440832    422686   3966622   3439645   4213650    481513   4540511    2429621    4610306    459457    450865   4560928   4695478
         1048576      64    445050    473608   6728372   5442993   6266248    432044   6376107    8548846    6340021    459265    452220   6904162   6870586
         1048576     128    449373    441234   6661982   5377368   6236923    470404   6676191    7743819    6450992    448113    458603   7134383   7075218
         1048576     256    410997    453883   6753416   5157167   6549187    469604   6224671    8588914    6576038    492402    458527   7019804   7113670
         1048576     512    455431    487822   6071624   4855825   6378817    464511    513059    8148019    6390291    519162    489651   6555727   6717725
         1048576    1024    453080    491983   5412035   4212398   4781707    469783   6271421    6473772    6133778    496340    488748   6352118   6361480
         1048576    2048    425843    479347   6000736   4973372   6127650    506318   5640872    6134111    6246800    497987    441342   6433732   6480334
         1048576    4096    437338    479260   6075003   5026460   6270482    491661   6362133    5341565    6109723    445484    462881   6204482   6350962
         1048576    8192    434814    488270   5338382   4353140   5270335    462227   5818600    4151772    5917335    455904    471745   6015551   6137869
         1048576   16384    455547    441689   4466265   3671200   4339378    485034   4500501    2856501    4765346    471920    486827   4520935   4551666
         2097152      64    371108    473462   7091371   5298111   6369693    493302   6437922    8062836    6194934    479277    479363   6715508   6862726
         2097152     128    432791    424639   7091199   5516833   6973561    499691   7254744    9352513    7187714    464966    494121   7395274   7357836
         2097152     256    398177    429045   7033482   5612384   7034613    464963   7275813    9293953    7315101    498771    491192   7411974   7434546
         2097152     512    457260    479817   6865533   5481518   6846371    537047   6936884    8298977    6794927    509715    484046   7119559   7105813
         2097152    1024    469420    457984   6407742   5203696   6180383    482638   6786156    6995729    6864922    512926    479950   6730853   6639353
         2097152    2048    449517    454688   6031757   4831781   6251701    447648   6271107    5890298    6287370    472157    498976   6352002   6228677
         2097152    4096    420811    480868   6227085   4836837   5821573    502815   6341456    5605828    6407784    516386    483211   6601459   6722504
         2097152    8192    459440    457965   6011118   4750405   5795543    472885   6349366    4805077    5838559    481421    422842   6461606   6336997
         2097152   16384    462287    450077   4128251   3397451   4025769    482473   4560205    2681550    4859277    473477    440848   4467319   4801951
         4194304      64    411792    538010   7511342   5933031   6770465    660601    212969    8691706    6784758    661795    699883    577626   5672807
         4194304     128    615579    557314   7596860   5945260   7115708    658265   7008646    9074808    7504488    738016    689756    568744   5896060
         4194304     256    644199    683245   7517942   5942816   7314823    619621   7769388    9432712    7687183    718556    733297   7348280   7563835
         4194304     512    635722    641100   6945338   5504855   7041900    691000   7472694    8832288    7228493    761099    666002   7514637   7520272
         4194304    1024    644804    635813   6799375   5204225   6620894    801117    687454    7011294    6660215    730154    691596   6783068   7120598
         4194304    2048    588102    633186   6540906   5338057   6664396    686576   6884361    6588809    6756745    753272    713725   6263716   4904476
         4194304    4096    609118    629266   6073446   4885414   6028057    803288   6972330    6096700    6835187    706540    758662   6480892   5128690
         4194304    8192    600107    645874   5953850   4695364   5897477    744104   6522434    4537154    6404669    719593    744158   6520711   6612160
         4194304   16384    568989    678173   1106518   3852066   4522740    733144   1079968    3249323    4692350    675389    612867   4481520   4530288
         8388608      64    412303    689809    577078    632620    666025    742267    212760    8673371    1169483    741818    706140    566471    580063
         8388608     128    725447    700145    593575    574465   1415810    750979    299692    9111695    1677595    711662    737286    613100    621807
         8388608     256    801280    808846    745788    721464   1667940    765989    448237    9055215    1947195    803769    725990    651464    671123
         8388608     512    716761    721861    948420    955523   1943656    789860    601415    8446150    2342681    753123    719385    953382    965204
         8388608    1024    825156    785834   1063765   1081153   2124257    742106    716457    7096672    2596669    779808    705966   1164333   1160453
         8388608    2048    816731    768145   1285760   1238842   2065173    780552    688721    6151787    2876541    840157    834117   1100476   1168907
         8388608    4096    771671    694558   1219894   1187413   2541917    760212    873958    5501181    3118183    724234    660856   1194578   1257053
         8388608    8192    738292    791721   1195223   1216706   2531684    761030    999308    3607846    2966262    803291    726074   1240478   1342660
         8388608   16384    784555    779907   1323272   1182487   2574634    834433   1061290    2793368    2715760    729387    749348   1090942   1206626
        16777216      64    488032    869961    552612    568377    240904    668785    219803    8615992     630146    820750    788280    572622    597358
        16777216     128    871407    837943    572224    596833    373011    788907    318190    9162655     361183    733220    820010    580886    606672
        16777216     256    832581    771392    719556    682747    494377    733713    455636    9350785     503579    753303    831909    704832    727926
        16777216     512    954686    858334    962279    942725    670338    797927    590508    8552904     698857    782927    805891    838812    960474
        16777216    1024    862773    849208   1154347   1173864    787871    800535    715621    6861605     815316    815214    848796   1043341   1165412
        16777216    2048    937593    776373   1230941   1224078    853633    695391    730018    6702080    1368898    784431    793254   1183674   1305406
        16777216    4096    846950    782195   1266535   1258142   1100195    715687    869937    6047480    1354684    777015    801766   1087677   1254703
        16777216    8192    944423    791285   1167188   1152468   1159758    688093    949751    4618980    1204737    788411    870572   1141992   1200239
        16777216   16384    829223    815162   1217934   1195926   1236079    689345   1038229    3139207    1371932    703306    818202   1123665   1186064

iozone test complete.
Excel output is below:

"Writer report"
        "4"  "8"  "16"  "32"  "64"  "128"  "256"  "512"  "1024"  "2048"  "4096"  "8192"  "16384"
"64"   13084  32502  33681  31573  26533 
"128"   44275  58394  54351  54329  52393  54839 
"256"   85476  89764  93942  82851  80624  88426  83795 
"512"   116813  118902  115787  127904  124090  125548  140848  123101 
"1024"   187374  191972  187858  184898  171122  167075  178238  169675  176342 
"2048"   269118  257810  240400  254118  259665  254216  250699  259767  261157  242339 
"4096"   311953  342073  359834  346824  360498  374608  354942  371819  357475  312339  205086 
"8192"   302780  292488  389925  395081  443965  398522  409089  377426  399101  407357  409274  424520 
"16384"   447003  372643  367816  465639  364867  411689  374193  373806  483688  479149  490374  440798  391018 
"32768"   0  0  0  0  405805  547886  445672  344802  528737  394035  433474  499505  497034 
"65536"   0  0  0  0  480497  398938  503705  441245  487292  494193  422933  510309  420649 
"131072"   0  0  0  0  436640  462627  432496  424637  490168  483369  436620  280208  429368 
"262144"   0  0  0  0  390723  414426  437628  445253  467805  466614  420394  451348  438339 
"524288"   0  0  0  0  433632  433070  454472  445148  359190  428707  410133  447425  440832 
"1048576"   0  0  0  0  445050  449373  410997  455431  453080  425843  437338  434814  455547 
"2097152"   0  0  0  0  371108  432791  398177  457260  469420  449517  420811  459440  462287 
"4194304"   0  0  0  0  411792  615579  644199  635722  644804  588102  609118  600107  568989 
"8388608"   0  0  0  0  412303  725447  801280  716761  825156  816731  771671  738292  784555 
"16777216"   0  0  0  0  488032  871407  832581  954686  862773  937593  846950  944423  829223 

"Re-writer report"
        "4"  "8"  "16"  "32"  "64"  "128"  "256"  "512"  "1024"  "2048"  "4096"  "8192"  "16384"
"64"   25307  36178  33647  36202  34061 
"128"   56585  62254  67583  69680  62103  56788 
"256"   98347  99302  95487  90559  88579  91790  90110 
"512"   139015  132439  142219  142502  140314  147595  155616  136644 
"1024"   204602  217733  219929  209186  210096  204232  201652  209788  199452 
"2048"   305944  308017  316099  290585  314594  305900  281934  251839  283068  275638 
"4096"   382439  402039  425204  400390  407726  424185  411781  414954  438118  397858  382985 
"8192"   423119  191630  490742  319813  491571  360343  508823  489602  495855  499329  436886  327429 
"16384"   501116  393497  429306  615965  399221  355385  338877  382117  509705  328697  557616  502747  551468 
"32768"   0  0  0  0  601879  702226  624104  597236  441456  647576  507198  441694  476093 
"65536"   0  0  0  0  514092  487155  539439  576755  510345  523103  511165  508520  536867 
"131072"   0  0  0  0  469227  378162  511755  397561  427951  535757  419746  439422  459684 
"262144"   0  0  0  0  480353  494732  484780  488935  455132  510584  478720  486040  505929 
"524288"   0  0  0  0  503741  453854  483602  451192  487200  453616  473644  441328  422686 
"1048576"   0  0  0  0  473608  441234  453883  487822  491983  479347  479260  488270  441689 
"2097152"   0  0  0  0  473462  424639  429045  479817  457984  454688  480868  457965  450077 
"4194304"   0  0  0  0  538010  557314  683245  641100  635813  633186  629266  645874  678173 
"8388608"   0  0  0  0  689809  700145  808846  721861  785834  768145  694558  791721  779907 
"16777216"   0  0  0  0  869961  837943  771392  858334  849208  776373  782195  791285  815162 

"Reader report"
        "4"  "8"  "16"  "32"  "64"  "128"  "256"  "512"  "1024"  "2048"  "4096"  "8192"  "16384"
"64"   4274062  5389653  7100397  7940539  7940539 
"128"   4759253  2326073  6812590  5545860  8036304  7176872 
"256"   4840911  5687020  7073132  9114515  8815202  7518900  4929815 
"512"   4784885  6472112  6909408  8265729  4610256  10641343  9344779  8394979 
"1024"   4410497  6025439  6479979  6733974  7054742  7883484  7941793  5310258  5096034 
"2048"   3901313  5475461  4349761  5564129  5420181  6080053  7237860  6802261  6041567  4601407 
"4096"   3332786  5551194  6410863  5885924  5666546  6944712  7185807  6051794  5353976  5928578  4718699 
"8192"   3662380  4158362  5281396  5047109  5897851  6229323  6356080  5371390  5435974  5465373  5117011  4131362 
"16384"   3432574  4414771  4930437  5407233  5476176  5047407  6007574  5271594  5039634  5216372  5155324  3827998  3239986 
"32768"   0  0  0  0  5064482  5788412  5326305  5303082  5216333  5051267  4871854  4178516  3263125 
"65536"   0  0  0  0  4833374  5688368  5746279  5523540  4968618  5173704  5089784  4613918  3556917 
"131072"   0  0  0  0  5333354  6172744  6198705  5405034  5304178  5461088  4953031  4172535  3446986 
"262144"   0  0  0  0  6216502  6407193  6659678  6295161  5035712  5681003  5453390  4162202  4169415 
"524288"   0  0  0  0  6030655  6804081  6611957  6103975  5814310  5726730  5567925  4597400  3966622 
"1048576"   0  0  0  0  6728372  6661982  6753416  6071624  5412035  6000736  6075003  5338382  4466265 
"2097152"   0  0  0  0  7091371  7091199  7033482  6865533  6407742  6031757  6227085  6011118  4128251 
"4194304"   0  0  0  0  7511342  7596860  7517942  6945338  6799375  6540906  6073446  5953850  1106518 
"8388608"   0  0  0  0  577078  593575  745788  948420  1063765  1285760  1219894  1195223  1323272 
"16777216"   0  0  0  0  552612  572224  719556  962279  1154347  1230941  1266535  1167188  1217934 

"Re-Reader report"
        "4"  "8"  "16"  "32"  "64"  "128"  "256"  "512"  "1024"  "2048"  "4096"  "8192"  "16384"
"64"   3738358  2923952  6421025  9318832  20962191 
"128"   4759253  6406138  6727225  4889281  9795896  14586625 
"256"   4197489  5455847  6936061  8534922  6936061  9778562  17096249 
"512"   4195896  5760329  6491676  7758090  7435738  9510316  10641343  14240069 
"1024"   4048778  4614246  5277632  7220790  6963241  8895850  9064828  8061038  8895850 
"2048"   3075736  4842658  4741090  6097316  6075753  6759439  8029434  7237860  6440169  8678404 
"4096"   3266255  4952675  5520868  5649775  5535098  7038605  6953144  6872481  6112079  7173805  8224733 
"8192"   3244605  3947668  4855947  4049561  5258763  5353814  5884720  5372229  5053790  5350479  5716328  6491781 
"16384"   3130327  3915013  4469325  4776562  4740972  4449646  5274831  4793220  4600988  4750476  4824516  4217262  4060521 
"32768"   0  0  0  0  4743558  4904539  4615172  4677211  4477742  4355149  4309943  4062058  3501557 
"65536"   0  0  0  0  4275539  4651866  4687165  4697899  4384590  4268038  4198095  4123592  3651222 
"131072"   0  0  0  0  4267899  5081870  4623184  4551418  4510084  4521620  4034348  3348722  3001689 
"262144"   0  0  0  0  4824518  5031564  5387708  5056881  4107747  4662329  4621548  4013536  3484475 
"524288"   0  0  0  0  5101623  5501563  5396021  4897004  4823659  4741422  4513179  4125268  3439645 
"1048576"   0  0  0  0  5442993  5377368  5157167  4855825  4212398  4973372  5026460  4353140  3671200 
"2097152"   0  0  0  0  5298111  5516833  5612384  5481518  5203696  4831781  4836837  4750405  3397451 
"4194304"   0  0  0  0  5933031  5945260  5942816  5504855  5204225  5338057  4885414  4695364  3852066 
"8388608"   0  0  0  0  632620  574465  721464  955523  1081153  1238842  1187413  1216706  1182487 
"16777216"   0  0  0  0  568377  596833  682747  942725  1173864  1224078  1258142  1152468  1195926 

"Random read report"
        "4"  "8"  "16"  "32"  "64"  "128"  "256"  "512"  "1024"  "2048"  "4096"  "8192"  "16384"
"64"   3363612  3738358  7940539  10821524  12902017 
"128"   3657016  2286447  4267461  5847904  9129573  8548124 
"256"   2131261  5117791  7120034  11695808  7120034  8271916  11695808 
"512"   2991733  4420457  8528336  7871843  6652558  7758090  8234036  7115451 
"1024"   3579719  5720477  7927135  9064828  8822754  11132462  9677584  8122014  6609617 
"2048"   3179330  5068389  6007763  7999524  8940345  9708272  9610516  8940345  8029434  7726111 
"4096"   3163410  5347310  6628532  7529067  9000323  9868918  8569343  8480511  7599002  7087972  8127459 
"8192"   3133924  4670469  5278151  5681356  7913697  6924845  8436380  8234205  7453619  6890129  7148143  6709830 
"16384"   2770409  3920597  4438724  5791387  6113394  6176029  6739975  5951384  5384355  5938526  5671418  4724349  4452241 
"32768"   0  0  0  0  5542607  5899729  5662260  5357031  5412515  5112903  5092820  4406675  3821697 
"65536"   0  0  0  0  5284304  5485073  5640394  5736685  5316910  5293666  3902087  4992895  3712067 
"131072"   0  0  0  0  5109453  6109157  5502851  5820798  5597028  5424714  5354913  4126682  3370836 
"262144"   0  0  0  0  5391697  5921610  6620460  5940807  5160432  5774084  5526022  5510568  4237025 
"524288"   0  0  0  0  6003047  6470440  6425743  5977169  5835215  5399744  5504510  5093246  4213650 
"1048576"   0  0  0  0  6266248  6236923  6549187  6378817  4781707  6127650  6270482  5270335  4339378 
"2097152"   0  0  0  0  6369693  6973561  7034613  6846371  6180383  6251701  5821573  5795543  4025769 
"4194304"   0  0  0  0  6770465  7115708  7314823  7041900  6620894  6664396  6028057  5897477  4522740 
"8388608"   0  0  0  0  666025  1415810  1667940  1943656  2124257  2065173  2541917  2531684  2574634 
"16777216"   0  0  0  0  240904  373011  494377  670338  787871  853633  1100195  1159758  1236079 

"Random write report"
        "4"  "8"  "16"  "32"  "64"  "128"  "256"  "512"  "1024"  "2048"  "4096"  "8192"  "16384"
"64"   35494  36909  35145  33177  30432 
"128"   74598  64097  60148  65980  63808  61127 
"256"   91829  103485  93459  91986  93810  96422  97006 
"512"   133576  134454  141993  135840  140589  140387  156764  142266 
"1024"   205041  214900  225211  209788  176974  204271  187817  201020  197607 
"2048"   278299  322980  294884  299762  325132  319699  299198  303812  299720  292395 
"4096"   343997  392415  423276  428727  438633  443674  428716  434506  427787  406270  352040 
"8192"   453397  358935  513316  529851  522718  524225  519894  506304  535008  534309  323130  540869 
"16384"   474389  504016  379911  469928  661554  355949  395253  637934  413154  356547  479092  558287  575728 
"32768"   0  0  0  0  468215  485071  501976  479260  481853  473526  460968  639587  497653 
"65536"   0  0  0  0  474571  428521  523429  538548  524187  505827  565639  490010  449354 
"131072"   0  0  0  0  460216  466060  433990  440859  364052  454388  475101  474070  460261 
"262144"   0  0  0  0  488823  456638  457474  473668  408095  497290  412986  459400  463454 
"524288"   0  0  0  0  481624  504904  481537  480137  493825  482854  452703  412776  481513 
"1048576"   0  0  0  0  432044  470404  469604  464511  469783  506318  491661  462227  485034 
"2097152"   0  0  0  0  493302  499691  464963  537047  482638  447648  502815  472885  482473 
"4194304"   0  0  0  0  660601  658265  619621  691000  801117  686576  803288  744104  733144 
"8388608"   0  0  0  0  742267  750979  765989  789860  742106  780552  760212  761030  834433 
"16777216"   0  0  0  0  668785  788907  733713  797927  800535  695391  715687  688093  689345 

"Backward read report"
        "4"  "8"  "16"  "32"  "64"  "128"  "256"  "512"  "1024"  "2048"  "4096"  "8192"  "16384"
"64"   2379626  3165299  3958892  4897948  5860307 
"128"   2326073  4012317  5122535  4557257  7082197  7082197 
"256"   2639446  4819184  6213578  7120034  8534922  7314033  4819184 
"512"   2815243  4131319  5067142  6104175  5566231  6999490  5384786  8140399 
"1024"   3241960  5024495  5303701  6692005  6059442  7472033  8000971  6355328  6569179 
"2048"   2888532  4301837  4432815  5447681  5986827  7529708  6945257  7589584  6895083  6261772 
"4096"   2842558  3889659  6532752  5851841  6410863  7642951  5611025  5802430  6897314  4941279  5618365 
"8192"   2183954  3581823  4875931  5637544  5657967  6558696  6936028  5333039  6650092  5524246  4486305  3608531 
"16384"   2708070  3896146  4276576  4906849  5887143  5501604  5806066  5134524  5209649  5096067  3990259  4210802  3687694 
"32768"   0  0  0  0  5270746  5761961  5436924  5251212  5095463  5143325  4993638  4309943  3893476 
"65536"   0  0  0  0  5529540  5648160  5705725  5452216  5415267  5257620  4997797  3933243  3876280 
"131072"   0  0  0  0  5759873  5190792  5719187  6068962  5263500  4956782  5481180  4234825  3617366 
"262144"   0  0  0  0  6314285  6108608  6724726  6257151  6101083  5928187  5872775  5508387  4618946 
"524288"   0  0  0  0  6463517  6598782  6429915  6440800  6164912  5888167  5935624  5596820  4540511 
"1048576"   0  0  0  0  6376107  6676191  6224671  513059  6271421  5640872  6362133  5818600  4500501 
"2097152"   0  0  0  0  6437922  7254744  7275813  6936884  6786156  6271107  6341456  6349366  4560205 
"4194304"   0  0  0  0  212969  7008646  7769388  7472694  687454  6884361  6972330  6522434  1079968 
"8388608"   0  0  0  0  212760  299692  448237  601415  716457  688721  873958  999308  1061290 
"16777216"   0  0  0  0  219803  318190  455636  590508  715621  730018  869937  949751  1038229 

"Record rewrite report"
        "4"  "8"  "16"  "32"  "64"  "128"  "256"  "512"  "1024"  "2048"  "4096"  "8192"  "16384"
"64"   40946  42414  41503  41077  31682 
"128"   90522  82687  81211  73135  67617  65513 
"256"   151384  154211  137998  125542  119853  126742  91166 
"512"   242658  272633  298518  231664  256513  207871  185851  115339 
"1024"   526485  551428  538364  521689  420341  432619  331816  278553  214182 
"2048"   800343  1004811  852277  936048  920500  745213  633485  514835  386641  307554 
"4096"   1171982  1348730  1582114  1539855  1613314  1372215  1220091  977083  755996  542519  395596 
"8192"   1795666  2290831  2465218  2519078  2522221  2398115  2109667  1482761  1214519  1077891  730579  451924 
"16384"   2298555  2929368  2951004  3442720  4027442  3292612  3377574  2822873  2232760  939768  734537  813587  329301 
"32768"   0  0  0  0  4991462  5370847  4579191  3946582  3134740  2551838  2117644  1309356  901110 
"65536"   0  0  0  0  6411325  6688709  5948604  5499339  4399890  3726612  2038067  1789571  1357476 
"131072"   0  0  0  0  7290629  6194026  6082190  6608451  4722468  4112574  3760176  2387722  1575954 
"262144"   0  0  0  0  6245848  8009507  8585922  7840895  6107590  5232933  4782776  2837362  2411961 
"524288"   0  0  0  0  8594473  8755927  8086731  7983795  6534796  5677069  5126157  3489090  2429621 
"1048576"   0  0  0  0  8548846  7743819  8588914  8148019  6473772  6134111  5341565  4151772  2856501 
"2097152"   0  0  0  0  8062836  9352513  9293953  8298977  6995729  5890298  5605828  4805077  2681550 
"4194304"   0  0  0  0  8691706  9074808  9432712  8832288  7011294  6588809  6096700  4537154  3249323 
"8388608"   0  0  0  0  8673371  9111695  9055215  8446150  7096672  6151787  5501181  3607846  2793368 
"16777216"   0  0  0  0  8615992  9162655  9350785  8552904  6861605  6702080  6047480  4618980  3139207 

"Stride read report"
        "4"  "8"  "16"  "32"  "64"  "128"  "256"  "512"  "1024"  "2048"  "4096"  "8192"  "16384"
"64"   3738358  4897948  7940539  9006179  9318832 
"128"   3380677  5847904  9129573  8036304  11720614  9977956 
"256"   3454704  3935921  8534922  6761355  13454450  11695808  10651598 
"512"   2638816  4447925  5886650  8701110  9638369  6395018  12797441  4973263 
"1024"   3544270  5417427  7269678  8246774  16219316  11249091  15027577  7208671  6863100 
"2048"   3108009  5056455  5800851  6984790  8190205  17828628  16653431  14017386  9400176  6690992 
"4096"   2678994  4696769  6748303  6919538  7473388  8066402  17286949  11664722  9414629  7515892  4977067 
"8192"   2749921  4088106  5195153  6611703  6440672  8624852  9254386  17731260  11299550  8650911  6496691  4380493 
"16384"   2638813  3824376  4297974  5188409  6136321  5977266  6382531  5417891  10901268  8769931  6714948  4270198  3687496 
"32768"   0  0  0  0  5386846  5636947  5580414  5537917  5144095  10123069  8419541  6148897  3793009 
"65536"   0  0  0  0  5484635  5705251  5462184  5485511  5427349  5405469  8509149  6666162  3938654 
"131072"   0  0  0  0  5448423  5778399  5700270  6089870  5148933  5556242  4993022  4816892  3878435 
"262144"   0  0  0  0  5753960  6553926  6520191  6394673  5940261  5936220  5907198  4997216  3995364 
"524288"   0  0  0  0  6300857  6481100  6844232  6340096  6070410  5804901  5999460  5613780  4610306 
"1048576"   0  0  0  0  6340021  6450992  6576038  6390291  6133778  6246800  6109723  5917335  4765346 
"2097152"   0  0  0  0  6194934  7187714  7315101  6794927  6864922  6287370  6407784  5838559  4859277 
"4194304"   0  0  0  0  6784758  7504488  7687183  7228493  6660215  6756745  6835187  6404669  4692350 
"8388608"   0  0  0  0  1169483  1677595  1947195  2342681  2596669  2876541  3118183  2966262  2715760 
"16777216"   0  0  0  0  630146  361183  503579  698857  815316  1368898  1354684  1204737  1371932 

"Fwrite report"
        "4"  "8"  "16"  "32"  "64"  "128"  "256"  "512"  "1024"  "2048"  "4096"  "8192"  "16384"
"64"   31389  35936  37361  35242  33108 
"128"   57791  57402  64159  63937  55577  66462 
"256"   100983  103058  90942  93329  92184  97899  102438 
"512"   121906  137229  141358  126294  148925  148925  128670  150364 
"1024"   208000  209196  205041  220641  202327  191826  191647  196396  203902 
"2048"   284248  304264  318797  296902  309973  309929  291117  318750  274897  295564 
"4096"   366536  410140  419893  417536  443479  416382  395368  423099  377100  386343  273761 
"8192"   273475  462696  515510  529950  494649  543771  507118  432345  513669  452973  456021  474432 
"16384"   565802  409722  327084  335353  521883  536092  324647  402516  361039  352950  564496  470118  395576 
"32768"   0  0  0  0  377020  656883  619597  278997  635259  563635  577827  643468  343992 
"65536"   0  0  0  0  523091  527206  624568  518878  558552  524082  479060  500764  501074 
"131072"   0  0  0  0  454246  442614  486975  464435  403570  481052  483465  448630  419612 
"262144"   0  0  0  0  428853  484982  397902  483848  434615  445779  418456  440650  454268 
"524288"   0  0  0  0  467545  486757  436983  437712  489811  483012  486873  377508  459457 
"1048576"   0  0  0  0  459265  448113  492402  519162  496340  497987  445484  455904  471920 
"2097152"   0  0  0  0  479277  464966  498771  509715  512926  472157  516386  481421  473477 
"4194304"   0  0  0  0  661795  738016  718556  761099  730154  753272  706540  719593  675389 
"8388608"   0  0  0  0  741818  711662  803769  753123  779808  840157  724234  803291  729387 
"16777216"   0  0  0  0  820750  733220  753303  782927  815214  784431  777015  788411  703306 

"Re-Fwrite report"
        "4"  "8"  "16"  "32"  "64"  "128"  "256"  "512"  "1024"  "2048"  "4096"  "8192"  "16384"
"64"   33006  36076  37408  35835  36183 
"128"   53623  69680  57090  62312  66183  62500 
"256"   95242  107065  90934  90209  100870  102771  99996 
"512"   117968  133510  147544  138674  140507  147463  131482  155854 
"1024"   227153  226351  206193  195832  204261  206530  195307  201539  209584 
"2048"   293654  300338  308759  289800  282129  292027  285761  300864  291532  294248 
"4096"   371353  412860  406510  426809  413108  384674  389426  414994  370073  378838  373720 
"8192"   239086  437911  516976  464504  436770  467423  325777  469076  487532  464661  480073  526313 
"16384"   389390  370493  366566  586209  561999  372871  531979  509736  326588  529749  386525  297518  349637 
"32768"   0  0  0  0  401445  433651  642232  341475  433576  425807  589839  591339  467020 
"65536"   0  0  0  0  409382  456458  513167  509076  413069  502384  507256  498895  476837 
"131072"   0  0  0  0  405972  458133  444602  521717  457032  483558  429406  475282  454235 
"262144"   0  0  0  0  481270  499934  438894  508309  490819  496574  492185  478557  457036 
"524288"   0  0  0  0  484668  514886  426016  497374  464832  465417  499736  451679  450865 
"1048576"   0  0  0  0  452220  458603  458527  489651  488748  441342  462881  471745  486827 
"2097152"   0  0  0  0  479363  494121  491192  484046  479950  498976  483211  422842  440848 
"4194304"   0  0  0  0  699883  689756  733297  666002  691596  713725  758662  744158  612867 
"8388608"   0  0  0  0  706140  737286  725990  719385  705966  834117  660856  726074  749348 
"16777216"   0  0  0  0  788280  820010  831909  805891  848796  793254  801766  870572  818202 

"Fread report"
        "4"  "8"  "16"  "32"  "64"  "128"  "256"  "512"  "1024"  "2048"  "4096"  "8192"  "16384"
"64"   3738358  4564786  7100397  7940539  5735102 
"128"   3124872  4934216  6406138  6727225  8548124  8414153 
"256"   4572895  6249745  7120034  7073132  9192546  8024634  5347168 
"512"   4494470  5951911  7647578  8665997  10284602  8394979  8665997  9859630 
"1024"   3999762  6016997  6599461  7869040  7811791  7472033  5363307  5917516  7644933 
"2048"   3624742  5197183  6185123  6732948  6629029  6649556  7999524  6900622  7135648  6900622 
"4096"   3084464  5312585  6178018  7099689  6905631  6748303  6883496  6815229  5841891  6075335  4145915 
"8192"   3401682  4481623  5970616  5996667  5389081  5885728  6708520  5940679  5793435  5113965  4995741  4201070 
"16384"   3477740  4321760  4736724  5555870  5540639  5544663  5605266  5535284  5221128  4552223  4765631  4090979  3676842 
"32768"   0  0  0  0  5506190  5580414  5371897  5297154  4685023  4678485  5087353  4532826  3643777 
"65536"   0  0  0  0  5658391  5534216  5869219  5634613  5164761  5300608  5019977  4363293  3544213 
"131072"   0  0  0  0  6043742  5686473  6173923  5130625  5317517  4831072  5320141  4431877  3794119 
"262144"   0  0  0  0  6050088  6721643  6602095  6233348  5893362  5920430  6009054  4558698  3743211 
"524288"   0  0  0  0  6845020  6684452  6589252  6411654  5754755  5771869  5818048  5441095  4560928 
"1048576"   0  0  0  0  6904162  7134383  7019804  6555727  6352118  6433732  6204482  6015551  4520935 
"2097152"   0  0  0  0  6715508  7395274  7411974  7119559  6730853  6352002  6601459  6461606  4467319 
"4194304"   0  0  0  0  577626  568744  7348280  7514637  6783068  6263716  6480892  6520711  4481520 
"8388608"   0  0  0  0  566471  613100  651464  953382  1164333  1100476  1194578  1240478  1090942 
"16777216"   0  0  0  0  572622  580886  704832  838812  1043341  1183674  1087677  1141992  1123665 

"Re-Fread report"
        "4"  "8"  "16"  "32"  "64"  "128"  "256"  "512"  "1024"  "2048"  "4096"  "8192"  "16384"
"64"   5283570  6421025  9318832  12902017  4988978 
"128"   5122535  5603747  10567140  10779307  11720614  9795896 
"256"   5687020  8815202  9192546  10651598  10245071  13454450  10651598 
"512"   4571003  7540170  8140399  12797441  9638369  10434519  12499490  12146009 
"1024"   4488860  6355328  8457895  9743447  8000971  8610501  6569179  7524394  8680108 
"2048"   4046500  5238385  7336772  7705319  8464610  8634786  8830061  7207495  7940367  7189398 
"4096"   3456153  5802430  7311187  8032459  8112108  8108279  7983931  7329903  6330545  7076294  6430059 
"8192"   3589681  4518755  6054786  6404656  6370221  6971209  7103807  6234975  6665573  5534924  6114043  6112956 
"16384"   3624099  4591765  5157259  5763216  5710535  5953446  5887143  5641619  5096067  5571184  5295153  5088143  4063642 
"32768"   0  0  0  0  5868241  5823238  5988154  5346403  4815355  5235210  5421482  5231224  4012253 
"65536"   0  0  0  0  5705251  6018546  6094204  5600973  5473605  5225338  5199147  5156622  4338432 
"131072"   0  0  0  0  6145557  5855080  5684415  5083844  5554390  5659894  5228260  4421682  3750812 
"262144"   0  0  0  0  6624848  6397165  6834494  6129893  5637514  5796947  6124430  4616599  4513968 
"524288"   0  0  0  0  6948164  6841613  6865001  6422891  5936634  5977851  5873321  4993129  4695478 
"1048576"   0  0  0  0  6870586  7075218  7113670  6717725  6361480  6480334  6350962  6137869  4551666 
"2097152"   0  0  0  0  6862726  7357836  7434546  7105813  6639353  6228677  6722504  6336997  4801951 
"4194304"   0  0  0  0  5672807  5896060  7563835  7520272  7120598  4904476  5128690  6612160  4530288 
"8388608"   0  0  0  0  580063  621807  671123  965204  1160453  1168907  1257053  1342660  1206626 
"16777216"   0  0  0  0  597358  606672  727926  960474  1165412  1305406  1254703  1200239  1186064 
